strategic_region={
	id=239
	name="STRATEGICREGION_239"
	provinces={
<<<<<<< HEAD
		1043 1095 1115 1897 1901 1958 1962 2044 2049 2068 4903 5034 5035 5077 5095 5101 7041 7930 7943 7954 7992 8035 8058 8061 8077 8088 10725 10731 10749 10771 10779 10788 10814 10838 10868 12711 12842 12849 13510 13511 
=======
		1043 1095 1115 1897 1901 1958 1962 2049 4903 5034 5035 5077 5095 7041 7943 7992 8035 8058 8061 8077 8088 10725 10731 10749 10779 10814 10838 10868 12711 12842 12849 
>>>>>>> parent of dc83f01... Naval Regions, States in Africa and France
	}
	weather={
	}
}
